[ident]
visionarytype = Visionary-S

[frame]
framenumber = 1
timestamp = 0.020985126495361328
width = 640
height = 512

[intrinsics]
cx = 318.420099
cy = 254.5902
fx = 540.4351
fy = 541.554399

[lensdistortion]
k1 = 0.0
k2 = 0.0
p1 = 0.0
p2 = 0.0
k3 = 0.0

[cam2world]
f2rc = 0.0
cam2worldmatrix = 0.999999 -0.0004 -9.8e-05 55.7742 0.000399 0.999998 -0.001526 -0.149219 9.9e-05 0.001526 0.999998 -15.292999 0.0 0.0 0.0 1.0

[maps]
bgra = 756-bgra.png
z = 756-z.png
state = 756-state.png

